	85.00		55.90		114.83
		85.00		23.01		114.65
		85.00		23.01		112.67
		85.00		23.01		110.91
		85.00		23.01		109.88
		85.00		23.01		108.11
		85.00		23.01		106.12
		85.00		23.01		105.03
		85.00		26.27		103.06
		85.00		26.27		101.30
		85.00		26.27		100.31
		85.00		26.27		99.10
		85.00		26.27		96.51
		85.00		26.27		95.77
		85.00		26.27		94.22
		85.00		33.12		92.51
		85.00		33.12		91.59
		85.00		33.12		90.82
		85.00		33.12		89.34
		85.00		33.12		88.23
		85.00		33.12		87.44
		85.00		38.25		86.35
		85.00		38.25		85.35
		85.00		38.25		85.04
		85.00		38.25		84.14
		85.00		38.25		83.16
		85.00		38.25		82.68
		85.00		42.88		82.52
		85.00		42.88		81.17
		85.00		42.88		81.60
		85.00		42.88		81.11
		85.00		42.88		80.54
		85.00		42.88		80.35
		85.00		46.03		80.35
		85.00		46.03		80.05
		85.00		46.03		79.96
		85.00		46.03		80.29
		85.00		46.03		80.26
		85.00		47.30		79.84
		85.00		47.30		80.32
		85.00		47.30		80.26
		85.00		47.30		79.99
		85.00		47.30		80.44
		85.00		48.30		80.90
		85.00		48.30		80.08
		85.00		48.30		80.92
		85.00		48.30		80.99
		85.00		48.30		80.87
		85.00		48.30		81.20
		85.00		48.61		81.64
		85.00		48.61		81.39
		85.00		48.61		81.51
		85.00		48.61		81.95
		85.00		48.61		82.01
		85.00		48.61		81.79
		85.00		48.92		82.30
		85.00		48.92		82.11
		85.00		48.92		82.07
		85.00		48.92		82.52
		85.00		48.92		82.90
		85.00		48.92		82.11
		85.00		49.39		82.96
		85.00		49.39		83.09
		85.00		49.39		83.00
		85.00		49.39		83.42
		85.00		49.39		83.88
		85.00		49.39		83.62
		85.00		48.46		83.81
		85.00		48.46		84.21
		85.00		48.46		84.14
		85.00		48.46		83.84
		85.00		48.46		84.34
		85.00		48.46		84.21
		85.00		48.16		84.11
		85.00		48.16		84.54
		85.00		48.16		84.91
		85.00		48.16		84.11
		85.00		48.16		84.84
		85.00		48.16		84.81
		85.00		47.70		84.54
		85.00		47.70		84.60
		85.00		47.70		84.84
		85.00		47.70		84.44
		85.00		47.70		84.47
		85.00		47.70		84.77
		85.00		47.78		84.64
		85.00		47.78		84.27
		85.00		47.78		84.71
		85.00		47.78		84.44
		85.00		47.78		84.11
		85.00		47.78		84.50
		85.00		48.14		84.71
		85.00		48.14		83.94
		85.00		48.14		84.67
		85.00		48.14		84.74
		85.00		48.14		84.51
		85.00		48.14		84.67
		85.00		48.08		84.94
		85.00		48.08		84.71
		85.00		48.08		84.74
		85.00		48.08		85.11
		85.00		48.08		84.98
		85.00		48.08		84.74
		85.00		48.08		85.21
		85.00		48.08		85.04
		85.00		48.08		84.91
		85.00		48.08		85.28
		85.00		48.08		85.62
		85.00		48.08		84.81
		85.00		48.08		85.58
		85.00		48.08		85.59
		85.00		48.08		85.22
		85.00		48.08		85.45
		85.00		48.08		85.79
		85.00		48.08		85.42
		85.00		47.45		85.38
		85.00		47.45		85.83
		85.00		47.45		85.62
		85.00		47.45		85.21
		85.00		47.45		85.62
		85.00		47.45		85.35
		85.00		47.42		84.97
		85.00		47.42		85.24
		85.00		47.42		85.69
		85.00		47.42		84.57
		85.00		47.42		85.24
		85.00		47.42		85.25
		85.00		47.45		84.88
		85.00		47.45		84.97
		85.00		47.45		85.24
		85.00		47.45		84.88
		85.00		47.45		84.81
		85.00		47.45		85.24
		85.00		47.39		85.01
		85.00		47.39		84.61
		85.00		47.39		85.11
		85.00		47.39		84.91
		85.00		47.39		84.64
		85.00		47.39		84.94
		85.00		47.66		85.25
		85.00		47.66		84.37
		85.00		47.66		84.91
		85.00		47.66		84.84
		85.00		47.66		84.51
		85.00		47.66		84.64
		85.00		48.01		84.94
		85.00		48.01		84.68
		85.00		48.01		84.60
		85.00		48.01		85.04
		85.00		48.01		84.91
		85.00		48.01		84.54
		85.00		48.21		85.04
		85.00		48.21		84.87
		85.00		48.21		84.77
		85.00		48.21		85.04
		85.00		48.21		85.45
		85.00		48.21		84.57
		85.00		48.29		85.41
		85.00		48.29		85.38
		85.00		48.29		85.05
		85.00		48.29		85.45
		85.00		48.29		85.65
		85.00		48.29		85.42
		85.00		47.46		85.41
		85.00		47.46		85.86
		85.00		47.46		85.66
		85.00		47.46		85.28
		85.00		47.46		85.72
		85.00		47.46		85.55
		85.00		47.21		85.28
		85.00		47.21		85.69
		85.00		47.21		85.86
		85.00		47.21		85.01
		85.00		47.21		85.76
		85.00		47.21		85.62
		85.00		47.00		85.32
		85.00		47.00		85.45
		85.00		47.00		85.59
		85.00		47.00		85.05
		85.00		47.00		84.97
		85.00		47.00		85.31
		85.00		47.18		85.11
		85.00		47.18		84.64
		85.00		47.18		85.14
		85.00		47.18		84.87
		85.00		47.18		84.64
		85.00		47.18		84.87
		85.00		47.59		85.14
		85.00		47.59		84.21
		85.00		47.59		84.84
		85.00		47.59		84.84
		85.00		47.59		84.48
		85.00		47.59		84.60
		85.00		47.91		84.87
		85.00		47.91		84.48
		85.00		47.91		84.34
		85.00		47.91		84.77
		85.00		47.91		84.61
		85.00		47.91		84.21
		85.00		48.45		84.74
		85.00		48.45		84.64
		85.00		48.45		84.47
		85.00		48.45		84.80
		85.00		48.45		85.11
		85.00		48.45		84.34
		85.00		48.51		84.97
		85.00		48.51		85.01
		85.00		48.51		84.74
		85.00		48.51		85.01
		85.00		48.51		85.31
		85.00		48.51		84.94
		85.00		48.01		85.04
		85.00		48.01		85.41
		85.00		48.01		85.35
		85.00		48.01		85.01
		85.00		48.01		85.55
		85.00		48.01		85.45
		85.00		47.46		85.18
		85.00		47.46		85.52
		85.00		47.46		85.79
		85.00		47.46		84.87
		85.00		47.46		85.48
		85.00		47.46		85.45
		85.00		47.35		85.05
		85.00		47.35		85.14
		85.00		47.35		85.52
		85.00		47.35		85.08
		85.00		47.35		84.94
		85.00		47.35		85.25
		85.00		47.46		85.15
		85.00		47.46		84.67
		85.00		47.46		85.21
		85.00		47.46		84.94
		85.00		47.46		84.67
		85.00		47.46		84.97
		85.00		47.70		85.31
		85.00		47.70		84.51
		85.00		47.70		85.14
		85.00		47.70		85.04
		85.00		47.70		84.74
		85.00		47.70		84.81
		85.00		47.89		85.07
		85.00		47.89		84.74
		85.00		47.89		84.64
		85.00		47.89		84.87
		85.00		47.89		84.77
		85.00		47.89		84.44
		85.00		48.34		84.84
		85.00		48.34		84.71
		85.00		48.34		84.61
		85.00		48.34		84.87
		85.00		48.34		85.38
		85.00		48.34		84.47
		85.00		48.45		85.14
		85.00		48.45		85.24
		85.00		48.45		84.88
		85.00		48.45		85.11
		85.00		48.45		85.45
		85.00		48.45		85.11
		85.00		47.87		85.11
		85.00		47.87		85.42
		85.00		47.87		85.31
		85.00		47.87		84.98
		85.00		47.87		85.45
		85.00		47.87		85.14
		85.00		47.81		84.94
		85.00		47.81		85.31
		85.00		47.81		85.55
		85.00		47.81		84.60
		85.00		47.81		85.31
		85.00		47.81		85.28
		85.00		47.63		84.84
		85.00		47.63		84.97
		85.00		47.63		85.21
		85.00		47.63		84.91
		85.00		47.63		84.80
		85.00		47.63		85.08
		85.00		47.78		84.91
		85.00		47.78		84.57
		85.00		47.78		85.01
		85.00		47.78		84.77
		85.00		47.78		84.54
		85.00		47.78		84.84
		85.00		48.02		85.14
		85.00		48.02		84.31
		85.00		48.02		85.01
		85.00		48.02		85.04
		85.00		48.02		84.71
		85.00		48.02		84.94
		85.00		47.95		85.28
		85.00		47.95		84.84
		85.00		47.95		84.81
		85.00		47.95		85.21
		115.00		47.95		84.94
		115.00		47.95		84.64
		115.00		81.34		86.22
		115.00		81.34		88.64
		115.00		81.34		90.74
		115.00		81.34		93.35
		115.00		81.34		95.78
		115.00		81.34		96.60
		115.00		75.84		99.14
		115.00		75.84		100.68
		115.00		75.84		101.50
		115.00		75.84		103.20
		115.00		75.84		105.08
		115.00		75.84		105.66
		115.00		75.84		107.08
		115.00		68.95		108.60
		115.00		68.95		109.27
		115.00		68.95		109.44
		115.00		68.95		110.74
		115.00		68.95		111.25
		115.00		68.95		111.72
		115.00		68.95		112.84
		115.00		64.61		113.98
		115.00		64.61		113.26
		115.00		64.61		114.77
		115.00		64.61		115.14
		115.00		64.61		115.40
		115.00		64.61		116.14
		115.00		64.61		117.10
		115.00		64.61		117.04
		115.00		60.52		117.29
		115.00		60.52		118.32
		115.00		60.52		118.00
		115.00		60.52		117.74
		115.00		60.52		118.59
		115.00		60.52		118.32
		115.00		60.52		118.13
		115.00		60.52		118.85
		115.00		58.01		118.79
		115.00		58.01		118.85
		115.00		58.01		119.31
		115.00		58.01		119.92
		115.00		58.01		118.53
		115.00		58.01		119.65
		115.00		58.01		119.65
		115.00		58.01		119.20
		115.00		56.66		120.05
		115.00		56.66		119.78
		115.00		56.66		119.39
		115.00		56.66		119.51
		115.00		56.66		119.92
		115.00		56.66		119.46
		115.00		56.66		119.25
		115.00		56.66		119.98
		115.00		54.73		119.39
		115.00		54.73		119.11
		115.00		54.73		119.58
		115.00		54.73		119.18
		115.00		54.73		118.59
		115.00		54.73		119.25
		115.00		54.73		118.79
		115.00		54.73		118.32
		115.00		55.30		119.05
		115.00		55.30		118.33
		115.00		55.30		117.93
		115.00		55.30		118.19
		115.00		55.30		118.79
		115.00		55.30		117.48
		115.00		55.30		118.45
		115.00		55.30		118.39
		115.00		54.39		117.61
		115.00		54.39		118.26
		115.00		54.39		117.94
		115.00		54.39		117.36
		115.00		54.39		117.16
		115.00		54.39		117.54
		115.00		54.39		117.16
		115.00		54.39		117.03
		115.00		55.03		117.49
		115.00		55.03		117.49
		115.00		55.03		116.78
		115.00		55.03		117.35
		115.00		55.03		117.29
		115.00		55.03		116.71
		115.00		55.03		117.22
		115.00		55.03		117.49
		115.00		54.02		116.08
		115.00		54.02		116.77
		115.00		54.02		116.84
		115.00		54.02		116.15
		115.00		54.02		116.59
		115.00		54.02		116.77
		115.00		54.02		116.28
		115.00		54.02		116.33
		115.00		54.66		116.84
		115.00		54.66		116.66
		115.00		54.66		115.89
		115.00		54.66		116.65
		115.00		54.66		116.33
		115.00		54.66		115.89
		115.00		54.66		116.39
		115.00		54.66		116.78
		115.00		53.83		115.33
		115.00		53.83		115.95
		115.00		53.83		115.64
		115.00		53.83		115.22
		115.00		53.83		115.14
		115.00		53.83		115.46
		115.00		53.83		114.60
		115.00		53.83		114.46
		115.00		55.93		114.65
		115.00		55.93		114.42
		115.00		55.93		113.86
		115.00		55.93		114.53
		115.00		55.93		113.98
		115.00		55.93		113.68
		115.00		55.93		113.92
		115.00		55.93		114.47
		115.00		56.06		113.25
		115.00		56.06		113.98
		115.00		56.06		114.40
		115.00		56.06		113.86
		115.00		56.06		114.28
		115.00		56.06		114.53
		115.00		56.06		114.29
		115.00		56.40		114.22
		115.00		56.40		114.96
		115.00		56.40		114.83
		115.00		56.40		114.47
		115.00		56.40		115.27
		115.00		56.40		115.02
		115.00		56.40		114.71
		115.00		56.40		115.26
		115.00		55.50		115.64
		115.00		55.50		114.65
		115.00		55.50		115.45
		115.00		55.50		115.52
		115.00		55.50		114.84
		115.00		55.50		115.33
		115.00		55.50		115.64
		115.00		55.50		115.33
		115.00		55.36		115.08
		115.00		55.36		115.64
		115.00		55.36		115.33
		115.00		55.36		114.84
		115.00		55.36		115.33
		115.00		55.36		114.96
		115.00		55.36		114.77
		115.00		55.36		115.02
		115.00		55.62		115.46
		115.00		55.62		114.23
		115.00		55.62		115.08
		115.00		55.62		114.96
		115.00		55.62		114.54
		115.00		55.62		114.52
		115.00		55.62		114.96
		115.00		55.62		114.29
		115.00		56.42		114.28
		115.00		56.42		114.90
		115.00		56.42		114.59
		115.00		56.42		114.28
		115.00		56.42		114.90
		115.00		56.42		114.65
		115.00		56.42		114.40
		115.00		56.47		114.90
		115.00		56.47		115.21
		115.00		56.47		114.16
		115.00		56.47		114.83
		115.00		56.47		115.14
		115.00		56.47		114.47
		115.00		56.47		115.02
		115.00		56.47		115.20
		115.00		55.74		114.84
		115.00		55.74		114.71
		115.00		55.74		115.21
		115.00		55.74		114.83
		115.00		55.74		114.40
		115.00		55.74		115.08
		115.00		55.74		114.59
		115.00		55.74		114.34
		115.00		56.64		114.89
		115.00		56.64		115.21
		115.00		56.64		114.16
		115.00		56.64		115.08
		115.00		56.64		115.20
		115.00		56.64		114.53
		115.00		56.64		115.02
		115.00		56.64		115.27
		115.00		55.79		114.78
		115.00		55.79		114.83
		115.00		55.79		115.27
		115.00		55.79		115.02
		115.00		55.79		114.65
		115.00		55.79		115.14
		115.00		55.79		114.71
		115.00		55.79		114.34
		115.00		56.74		114.77
		115.00		56.74		115.27
		115.00		56.74		114.28
		115.00		56.74		115.02
		115.00		56.74		114.90
		115.00		56.74		114.41
		115.00		56.74		114.90
		115.00		56.74		115.21
		115.00		55.95		114.78
		115.00		55.95		114.71
		115.00		55.95		115.27
		115.00		55.95		114.84
		115.00		55.95		114.53
		115.00		55.95		115.08
		115.00		55.95		114.59
		115.00		55.95		114.28
		115.00		56.92		114.77
		115.00		56.92		115.21
		115.00		56.92		113.98
		115.00		56.92		115.08
		115.00		56.92		115.08
		115.00		56.92		114.59
		115.00		56.92		114.77
		115.00		56.56		115.21
		115.00		56.56		114.84
		115.00		56.56		114.65
		115.00		56.56		115.33
		115.00		56.56		115.02
		115.00		56.56		114.59
		115.00		56.56		115.33
		115.00		56.56		114.84
		115.00		56.55		114.47
		115.00		56.55		115.02
		115.00		56.55		115.52
		115.00		56.55		114.22
		115.00		56.55		115.08
		115.00		56.55		115.08
		115.00		56.55		114.53
		115.00		56.55		114.77
		115.00		56.66		115.08
		115.00		56.66		114.71
		115.00		56.66		114.59
		115.00		56.66		115.20
		115.00		56.66		114.77
		115.00		56.66		114.47
		115.00		56.66		115.08
		115.00		56.66		114.71
		115.00		56.78		114.47
		115.00		56.78		114.83
		115.00		56.78		115.33
		115.00		56.78		114.16
		115.00		56.78		115.02
		115.00		56.78		115.02
		115.00		56.78		114.47
		115.00		56.78		114.71
		115.00		56.86		115.14
		115.00		56.86		114.72
		115.00		56.86		114.59
		115.00		56.86		115.14
		115.00		56.86		114.84
		115.00		56.86		114.53
		115.00		56.86		115.08
		115.00		56.86		114.71
		115.00		56.93		114.40
		115.00		56.93		114.89
		115.00		56.93		115.27
		115.00		56.93		114.22
		115.00		56.93		115.14
		115.00		56.93		114.96
		115.00		56.93		114.47
		115.00		56.93		114.83
		115.00		56.87		115.21
		115.00		56.87		114.72
		115.00		56.87		114.65
		115.00		56.87		115.27
		115.00		56.87		114.90
		115.00		56.87		114.47
		115.00		56.87		115.02
		115.00		56.87		114.72
		115.00		57.04		114.34
		115.00		57.04		114.89
		115.00		57.04		115.46
		115.00		57.04		114.22
		115.00		57.04		115.14
		115.00		57.04		115.14
		115.00		57.04		114.66
		115.00		57.04		114.95
		115.00		56.85		115.46
		115.00		56.85		114.84
		115.00		56.85		114.83
		115.00		56.85		115.21
		115.00		56.85		114.96
		115.00		56.85		114.47
		115.00		56.85		115.02
		115.00		56.85		114.65
		115.00		57.19		114.41
		115.00		57.19		114.77
		115.00		57.19		115.46
		115.00		57.19		113.98
		115.00		57.19		114.89
		115.00		57.19		114.78
		115.00		57.19		114.54
		115.00		57.41		114.77
		115.00		57.41		115.14
		115.00		57.41		114.66
		115.00		57.41		114.77
		115.00		57.41		115.21
		115.00		57.41		114.90
		115.00		57.41		114.47
		115.00		57.41		115.15
		115.00		56.86		114.59
		115.00		56.86		114.47
		115.00		56.86		114.96
		115.00		56.86		115.27
		115.00		56.86		114.10
		115.00		56.86		114.89
		115.00		56.86		114.90
		115.00		56.86		114.41
		115.00		57.63		114.71
		115.00		57.63		114.96
		115.00		57.63		114.47
		115.00		57.63		114.71
		115.00		57.63		115.14
		115.00		57.63		114.96
		115.00		57.63		114.65
		115.00		57.63		115.33
		115.00		56.76		114.78
		115.00		56.76		114.77
		115.00		56.76		114.95
		115.00		56.76		115.58
		115.00		56.76		114.16
		115.00		56.76		115.08
		115.00		56.76		114.96
		115.00		56.76		114.54
		115.00		57.55		114.77
		115.00		57.55		115.21
		115.00		57.55		114.66
		115.00		57.55		114.71
		115.00		57.55		115.15
		115.00		57.55		114.84
		115.00		57.55		114.53
		115.00		57.55		115.27
		115.00		56.86		114.66
		115.00		56.86		114.47
		115.00		56.86		114.89
		115.00		56.86		115.40
		115.00		56.86		113.86
		115.00		56.86		114.77
		115.00		56.86		114.78
		115.00		56.86		114.23
		115.00		57.94		114.52
		115.00		57.94		114.96
		115.00		57.94		114.35
		115.00		57.94		114.46
		115.00		57.94		114.96
		115.00		57.94		114.78
		115.00		57.94		114.34
		115.00		58.01		115.14
		115.00		58.01		114.90
		115.00		58.01		114.71
		115.00		58.01		115.14
		115.00		58.01		115.89
		115.00		58.01		114.53
		115.00		58.01		115.51
		115.00		58.01		115.58
		115.00		56.81		115.03
		115.00		56.81		115.26
		115.00		56.81		115.71
		115.00		56.81		114.97
		115.00		56.81		115.02
		115.00		56.81		115.46
		115.00		56.81		115.21
		115.00		56.81		114.59
		115.00		57.76		115.33
		115.00		57.76		114.90
		115.00		57.76		114.65
		115.00		57.76		115.14
		115.00		57.76		115.71
		115.00		57.76		114.53
		115.00		57.76		115.39
		115.00		57.76		115.52
		115.00		56.84		115.02
		115.00		56.84		115.39
		115.00		56.84		115.70
		115.00		56.84		115.33
		115.00		56.84		115.33
		115.00		56.84		116.08
		115.00		56.84		115.77
		115.00		56.84		115.52
		115.00		56.71		116.08
		115.00		56.71		115.89
		115.00		56.71		115.77
		115.00		56.71		116.20
		115.00		56.71		116.78
		85.00		56.71		115.64
		85.00		56.71		116.65
