	85.00		59.11		114.28
		85.00		26.00		114.90
		85.00		26.00		113.20
		85.00		26.00		111.33
		85.00		26.00		109.77
		85.00		26.00		108.66
		85.00		26.00		106.72
		85.00		26.00		105.19
		85.00		28.66		104.16
		85.00		28.66		102.47
		85.00		28.66		100.58
		85.00		28.66		99.70
		85.00		28.66		97.97
		85.00		28.66		96.29
		85.00		28.66		95.09
		85.00		34.76		94.13
		85.00		34.76		91.95
		85.00		34.76		91.63
		85.00		34.76		90.47
		85.00		34.76		88.94
		85.00		34.76		87.94
		85.00		40.16		87.40
		85.00		40.16		86.39
		85.00		40.16		85.79
		85.00		40.16		85.45
		85.00		40.16		84.61
		85.00		40.16		83.58
		85.00		44.28		83.52
		85.00		44.28		83.00
		85.00		44.28		82.39
		85.00		44.28		82.45
		85.00		44.28		82.46
		85.00		44.28		81.30
		85.00		47.19		81.70
		85.00		47.19		81.57
		85.00		47.19		81.15
		85.00		47.19		81.26
		85.00		47.19		81.42
		85.00		47.19		81.05
		85.00		48.41		81.08
		85.00		48.41		81.39
		85.00		48.41		81.24
		85.00		48.41		81.08
		85.00		48.41		81.42
		85.00		49.01		81.30
		85.00		49.01		81.08
		85.00		49.01		81.57
		85.00		49.01		81.95
		85.00		49.01		81.27
		85.00		49.01		81.92
		85.00		49.38		82.04
		85.00		49.38		81.80
		85.00		49.38		82.07
		85.00		49.38		82.52
		85.00		49.38		82.27
		85.00		49.38		82.33
		85.00		49.71		82.93
		85.00		49.71		82.74
		85.00		49.71		82.55
		85.00		49.71		83.06
		85.00		49.71		82.81
		85.00		49.71		82.71
		85.00		49.97		83.19
		85.00		49.97		83.58
		85.00		49.97		82.74
		85.00		49.97		83.48
		85.00		49.97		83.65
		85.00		49.97		83.26
		85.00		49.94		83.45
		85.00		49.94		83.81
		85.00		49.94		83.42
		85.00		49.94		83.51
		85.00		49.94		83.94
		85.00		49.94		83.88
		85.00		49.70		83.65
		85.00		49.70		84.11
		85.00		49.70		83.94
		85.00		49.70		83.78
		85.00		49.70		84.14
		85.00		49.70		84.51
		85.00		49.28		83.74
		85.00		49.28		84.47
		85.00		49.28		84.54
		85.00		49.28		84.21
		85.00		49.28		84.44
		85.00		49.28		84.77
		85.00		49.11		84.44
		85.00		49.11		84.50
		85.00		49.11		84.91
		85.00		49.11		84.88
		85.00		49.11		84.51
		85.00		49.11		84.98
		85.00		48.94		84.77
		85.00		48.94		84.61
		85.00		48.94		84.81
		85.00		48.94		85.18
		85.00		48.94		84.21
		85.00		48.94		84.91
		85.00		49.03		84.84
		85.00		49.03		84.51
		85.00		49.03		84.67
		85.00		49.03		85.08
		85.00		49.03		84.78
		85.00		49.03		84.81
		85.00		49.16		85.25
		85.00		49.16		85.18
		85.00		49.16		84.91
		85.00		49.16		85.38
		85.00		49.16		85.25
		85.00		49.16		85.08
		85.00		48.91		85.45
		85.00		48.91		85.69
		85.00		48.91		84.84
		85.00		48.91		85.41
		85.00		48.91		85.38
		85.00		48.91		84.98
		85.00		49.00		85.11
		85.00		49.00		85.31
		85.00		49.00		84.85
		85.00		49.00		84.84
		85.00		49.00		85.21
		85.00		49.00		85.01
		85.00		48.97		84.57
		85.00		48.97		84.98
		85.00		48.97		84.74
		85.00		48.97		84.54
		85.00		48.97		84.87
		85.00		48.97		85.11
		85.00		48.86		84.11
		85.00		48.86		84.84
		85.00		48.86		84.81
		85.00		48.86		84.38
		85.00		48.86		84.50
		85.00		48.86		84.81
		85.00		49.17		84.44
		85.00		49.17		84.47
		85.00		49.17		85.01
		85.00		49.17		84.77
		85.00		49.17		84.44
		85.00		49.17		84.91
		85.00		49.10		84.71
		85.00		49.10		84.57
		85.00		49.10		84.84
		85.00		49.10		85.38
		85.00		49.10		84.41
		85.00		49.10		85.07
		85.00		48.94		85.14
		85.00		48.94		84.71
		85.00		48.94		84.84
		85.00		48.94		85.01
		85.00		48.94		84.68
		85.00		48.94		84.64
		85.00		49.41		84.98
		85.00		49.41		84.91
		85.00		49.41		84.64
		85.00		49.41		85.04
		85.00		49.41		84.87
		85.00		49.41		84.74
		85.00		49.39		85.11
		85.00		49.39		85.45
		85.00		49.39		84.57
		85.00		49.39		85.34
		85.00		49.39		85.28
		85.00		49.39		85.01
		85.00		49.15		85.24
		85.00		49.15		85.45
		85.00		49.15		85.11
		85.00		49.15		85.11
		85.00		49.15		85.55
		85.00		49.15		85.35
		85.00		48.77		84.98
		85.00		48.77		85.45
		85.00		48.77		85.11
		85.00		48.77		84.81
		85.00		48.77		85.14
		85.00		48.77		85.49
		85.00		48.53		84.47
		85.00		48.53		85.18
		85.00		48.53		85.11
		85.00		48.53		84.71
		85.00		48.53		84.91
		85.00		48.53		85.08
		85.00		48.86		84.64
		85.00		48.86		84.70
		85.00		48.86		85.11
		85.00		48.86		84.91
		85.00		48.86		84.51
		85.00		48.86		85.01
		85.00		48.92		84.71
		85.00		48.92		84.51
		85.00		48.92		84.74
		85.00		48.92		85.11
		85.00		48.92		84.17
		85.00		48.92		84.74
		85.00		49.22		84.77
		85.00		49.22		84.44
		85.00		49.22		84.60
		85.00		49.22		84.94
		85.00		49.22		84.61
		85.00		49.22		84.57
		85.00		49.47		85.04
		85.00		49.47		84.91
		85.00		49.47		84.64
		85.00		49.47		85.14
		85.00		49.47		84.91
		85.00		49.47		84.70
		85.00		49.43		85.14
		85.00		49.43		85.62
		85.00		49.43		84.67
		85.00		49.43		85.41
		85.00		49.43		85.48
		85.00		49.43		85.15
		85.00		49.01		85.41
		85.00		49.01		85.65
		85.00		49.01		85.42
		85.00		49.01		85.41
		85.00		49.01		85.89
		85.00		49.01		85.76
		85.00		48.29		85.45
		85.00		48.29		85.86
		85.00		48.29		85.62
		85.00		48.29		85.28
		85.00		48.29		85.72
		85.00		48.29		85.96
		85.00		47.87		85.01
		85.00		47.87		85.62
		85.00		47.87		85.52
		85.00		47.87		85.05
		85.00		47.87		85.14
		85.00		47.87		85.24
		85.00		48.43		84.91
		85.00		48.43		84.87
		85.00		48.43		85.24
		85.00		48.43		85.08
		85.00		48.43		84.67
		85.00		48.43		85.11
		85.00		48.51		84.84
		85.00		48.51		84.54
		85.00		48.51		84.84
		85.00		48.51		85.25
		85.00		48.51		84.24
		85.00		48.51		84.94
		85.00		48.68		84.94
		85.00		48.68		84.51
		85.00		48.68		84.64
		85.00		48.68		85.04
		85.00		48.68		84.61
		85.00		48.68		84.60
		85.00		49.07		85.04
		85.00		49.07		85.01
		85.00		49.07		84.81
		85.00		49.07		85.21
		85.00		49.07		85.11
		85.00		49.07		84.94
		85.00		48.79		85.38
		85.00		48.79		85.66
		85.00		48.79		84.77
		85.00		48.79		85.45
		85.00		48.79		85.38
		85.00		48.79		84.98
		85.00		48.76		85.18
		85.00		48.76		85.38
		85.00		48.76		85.01
		85.00		48.76		84.97
		85.00		48.76		85.38
		85.00		48.76		85.18
		85.00		48.55		84.87
		85.00		48.55		85.21
		85.00		48.55		85.04
		85.00		48.55		84.74
		85.00		48.55		85.01
		85.00		48.55		85.35
		85.00		48.31		84.34
		85.00		48.31		85.01
		85.00		48.31		84.91
		85.00		48.31		84.54
		85.00		48.31		84.74
		85.00		48.31		84.97
		85.00		48.64		84.64
		85.00		48.64		84.54
		85.00		48.64		84.91
		85.00		48.64		84.77
		85.00		48.64		84.47
		85.00		48.64		84.98
		85.00		48.64		84.74
		85.00		48.64		84.47
		85.00		48.64		84.81
		85.00		48.64		85.11
		85.00		48.64		84.14
		85.00		48.64		84.84
		85.00		48.80		84.77
		85.00		48.80		84.44
		85.00		48.80		84.64
		85.00		48.80		84.81
		115.00		48.80		84.54
		115.00		48.80		84.44
		115.00		82.80		85.77
		115.00		82.80		88.24
		115.00		82.80		90.37
		115.00		82.80		92.76
		115.00		82.80		94.63
		115.00		82.80		96.42
		115.00		77.24		98.64
		115.00		77.24		100.54
		115.00		77.24		101.26
		115.00		77.24		103.21
		115.00		77.24		104.72
		115.00		77.24		105.50
		115.00		77.24		107.08
		115.00		70.11		108.65
		115.00		70.11		109.00
		115.00		70.11		109.71
		115.00		70.11		111.08
		115.00		70.11		111.49
		115.00		70.11		111.78
		115.00		70.11		113.44
		115.00		65.03		113.62
		115.00		65.03		114.04
		115.00		65.03		114.90
		115.00		65.03		115.95
		115.00		65.03		115.09
		115.00		65.03		116.71
		115.00		65.03		116.91
		115.00		65.03		116.91
		115.00		61.55		117.61
		115.00		61.55		118.06
		115.00		61.55		117.74
		115.00		61.55		117.87
		115.00		61.55		118.53
		115.00		61.55		118.26
		115.00		61.55		118.00
		115.00		61.55		118.99
		115.00		58.74		119.12
		115.00		58.74		118.59
		115.00		58.74		119.18
		115.00		58.74		118.79
		115.00		58.74		118.66
		115.00		58.74		118.92
		115.00		58.74		119.38
		115.00		58.74		118.26
		115.00		58.53		119.05
		115.00		58.53		119.65
		115.00		58.53		118.46
		115.00		58.53		119.25
		115.00		58.53		119.25
		115.00		58.53		118.79
		115.00		58.53		118.98
		115.00		58.53		119.72
		115.00		56.07		119.06
		115.00		56.07		119.31
		115.00		56.07		119.38
		115.00		56.07		118.80
		115.00		56.07		118.59
		115.00		56.07		119.25
		115.00		56.07		118.86
		115.00		56.07		118.26
		115.00		56.49		118.92
		115.00		56.49		118.59
		115.00		56.49		118.26
		115.00		56.49		118.58
		115.00		56.49		118.85
		115.00		56.49		117.61
		115.00		56.49		118.52
		115.00		56.49		118.26
		115.00		55.65		117.55
		115.00		55.65		118.26
		115.00		55.65		118.19
		115.00		55.65		117.61
		115.00		55.65		117.54
		115.00		55.65		117.87
		115.00		55.65		116.97
		115.00		55.65		116.90
		115.00		56.33		117.06
		115.00		56.33		117.22
		115.00		56.33		116.71
		115.00		56.33		117.49
		115.00		56.33		117.10
		115.00		56.33		116.78
		115.00		56.33		117.29
		115.00		56.33		117.55
		115.00		55.13		116.46
		115.00		55.13		116.96
		115.00		55.13		116.78
		115.00		55.13		116.22
		115.00		55.13		115.95
		115.00		55.13		116.33
		115.00		55.13		115.58
		115.00		55.13		115.64
		115.00		56.60		116.20
		115.00		56.60		115.83
		115.00		56.60		115.52
		115.00		56.60		115.89
		115.00		56.60		115.83
		115.00		56.60		115.45
		115.00		56.60		116.08
		115.00		56.60		116.59
		115.00		55.38		115.15
		115.00		55.38		116.14
		115.00		55.38		115.89
		115.00		55.38		115.53
		115.00		55.38		115.58
		115.00		55.38		115.96
		115.00		55.38		115.46
		115.00		55.38		115.27
		115.00		56.45		115.89
		115.00		56.45		115.52
		115.00		56.45		115.27
		115.00		56.45		115.83
		115.00		56.45		115.45
		115.00		56.45		115.02
		115.00		56.45		115.58
		115.00		56.45		115.89
		115.00		55.69		114.59
		115.00		55.69		115.33
		115.00		55.69		115.27
		115.00		55.69		114.59
		115.00		55.69		114.71
		115.00		55.69		115.02
		115.00		55.69		114.47
		115.00		55.69		114.22
		115.00		57.32		114.89
		115.00		57.32		114.47
		115.00		57.32		114.16
		115.00		57.32		114.53
		115.00		57.32		114.41
		115.00		57.32		114.10
		115.00		57.32		114.59
		115.00		57.32		114.90
		115.00		56.77		113.92
		115.00		56.77		114.40
		115.00		56.77		114.65
		115.00		56.77		113.86
		115.00		56.77		114.46
		115.00		56.77		114.65
		115.00		56.77		114.22
		115.00		56.77		114.28
		115.00		57.48		114.84
		115.00		57.48		114.53
		115.00		57.48		114.22
		115.00		57.48		114.90
		115.00		57.48		114.59
		115.00		57.48		114.47
		115.00		57.48		114.83
		115.00		57.48		115.33
		115.00		56.49		114.29
		115.00		56.49		115.20
		115.00		56.49		114.96
		115.00		56.49		114.72
		115.00		56.49		114.95
		115.00		56.49		115.33
		115.00		56.49		114.72
		115.00		56.49		114.77
		115.00		57.04		115.45
		115.00		57.04		114.96
		115.00		57.04		114.65
		115.00		57.04		115.52
		115.00		57.04		115.14
		115.00		57.04		114.77
		115.00		57.04		115.51
		115.00		57.04		115.89
		115.00		55.84		114.83
		115.00		55.84		115.45
		115.00		55.84		115.39
		115.00		55.84		114.78
		115.00		55.84		115.02
		115.00		55.84		115.27
		115.00		55.84		114.77
		115.00		55.84		114.59
		115.00		57.07		115.27
		115.00		57.07		114.84
		115.00		57.07		114.53
		115.00		57.07		115.08
		115.00		57.07		114.71
		115.00		57.07		114.40
		115.00		57.07		115.02
		115.00		57.07		115.45
		115.00		56.21		114.40
		115.00		56.21		114.96
		115.00		56.21		115.20
		115.00		56.21		114.41
		115.00		56.21		114.77
		115.00		56.21		114.90
		115.00		56.21		114.59
		115.00		56.21		114.28
		115.00		57.40		114.96
		115.00		57.40		114.40
		115.00		57.40		114.22
		115.00		57.40		114.77
		115.00		57.40		114.53
		115.00		57.40		114.34
		115.00		57.40		114.90
		115.00		56.90		115.27
		115.00		56.90		114.04
		115.00		56.90		114.77
		115.00		56.90		114.96
		115.00		56.90		114.10
		115.00		56.90		114.65
		115.00		56.90		114.90
		115.00		56.90		114.53
		115.00		57.33		114.40
		115.00		57.33		115.02
		115.00		57.33		114.83
		115.00		57.33		114.47
		115.00		57.33		115.08
		115.00		57.33		114.90
		115.00		57.33		114.59
		115.00		57.33		115.02
		115.00		56.91		115.58
		115.00		56.91		114.28
		115.00		56.91		115.08
		115.00		56.91		115.27
		115.00		56.91		114.59
		115.00		56.91		114.83
		115.00		56.91		115.14
		115.00		56.91		114.77
		115.00		57.18		114.65
		115.00		57.18		115.39
		115.00		57.18		115.02
		115.00		57.18		114.65
		115.00		57.18		115.27
		115.00		57.18		115.08
		115.00		57.18		114.71
		115.00		57.18		115.39
		115.00		56.55		115.08
		115.00		56.55		114.65
		115.00		56.55		115.14
		115.00		56.55		115.58
		115.00		56.55		114.46
		115.00		56.55		115.02
		115.00		56.55		115.14
		115.00		56.72		114.59
		115.00		56.72		114.83
		115.00		56.72		115.08
		115.00		56.72		114.47
		115.00		56.72		114.47
		115.00		56.72		115.08
		115.00		56.72		114.65
		115.00		56.72		114.22
		115.00		57.71		114.71
		115.00		57.71		114.34
		115.00		57.71		114.10
		115.00		57.71		114.71
		115.00		57.71		115.02
		115.00		57.71		113.92
		115.00		57.71		114.77
		115.00		57.71		114.96
		115.00		57.09		114.22
		115.00		57.09		114.71
		115.00		57.09		115.08
		115.00		57.09		114.65
		115.00		57.09		114.53
		115.00		57.09		115.20
		115.00		57.09		114.84
		115.00		57.09		114.71
		115.00		57.38		115.27
		115.00		57.38		114.90
		115.00		57.38		114.46
		115.00		57.38		115.33
		115.00		57.38		115.64
		115.00		57.38		114.53
		115.00		57.38		115.27
		115.00		57.38		115.39
		115.00		56.69		114.78
		115.00		56.69		115.14
		115.00		56.69		115.39
		115.00		56.69		114.96
		115.00		56.69		114.77
		115.00		56.69		115.33
		115.00		56.69		114.84
		115.00		56.69		114.34
		115.00		57.76		114.96
		115.00		57.76		114.65
		115.00		57.76		114.40
		115.00		57.76		114.83
		115.00		57.76		115.21
		115.00		57.76		114.10
		115.00		57.76		114.89
		115.00		57.76		115.02
		115.00		57.17		114.41
		115.00		57.17		114.77
		115.00		57.17		115.02
		115.00		57.17		114.71
		115.00		57.17		114.40
		115.00		57.17		115.27
		115.00		57.17		114.78
		115.00		57.17		114.47
		115.00		57.79		115.14
		115.00		57.79		114.53
		115.00		57.79		114.34
		115.00		57.79		114.77
		115.00		57.79		115.27
		115.00		57.79		114.10
		115.00		57.79		114.96
		115.00		57.79		114.90
		115.00		57.45		114.29
		115.00		57.45		114.59
		115.00		57.45		114.84
		115.00		57.45		114.47
		115.00		57.45		114.47
		115.00		57.45		115.14
		115.00		57.45		114.65
		115.00		57.45		114.34
		115.00		58.09		115.02
		115.00		58.09		114.83
		115.00		58.09		114.53
		115.00		58.09		115.14
		115.00		58.09		115.58
		115.00		58.09		114.40
		115.00		58.09		115.39
		115.00		58.09		115.39
		115.00		57.09		114.84
		115.00		57.09		115.20
		115.00		57.09		115.45
		115.00		57.09		115.09
		115.00		57.09		114.96
		115.00		57.09		115.52
		115.00		57.09		115.02
		115.00		57.09		114.65
		115.00		57.81		115.21
		115.00		57.81		114.59
		115.00		57.81		114.53
		115.00		57.81		114.77
		115.00		57.81		115.27
		115.00		57.81		113.80
		115.00		57.81		114.65
		115.00		57.91		114.53
		115.00		57.91		114.11
		115.00		57.91		114.28
		115.00		57.91		114.65
		115.00		57.91		114.23
		115.00		57.91		114.10
		115.00		57.91		114.83
		115.00		57.91		114.28
		115.00		58.40		114.23
		115.00		58.40		114.71
		115.00		58.40		114.59
		115.00		58.40		114.16
		115.00		58.40		114.96
		115.00		58.40		115.39
		115.00		58.40		114.40
		115.00		58.40		115.20
		115.00		57.56		115.33
		115.00		57.56		114.71
		115.00		57.56		115.08
		115.00		57.56		115.27
		115.00		57.56		114.90
		115.00		57.56		114.83
		115.00		57.56		115.58
		115.00		57.56		115.15
		115.00		57.57		114.59
		115.00		57.57		115.14
		115.00		57.57		115.02
		115.00		57.57		114.65
		115.00		57.57		115.08
		115.00		57.57		115.52
		115.00		57.57		114.22
		115.00		57.57		115.02
		115.00		57.68		115.02
		115.00		57.68		114.35
		115.00		57.68		114.71
		115.00		57.68		115.02
		115.00		57.68		114.47
		115.00		57.68		114.46
		115.00		57.68		115.08
		115.00		57.68		114.71
		115.00		58.01		114.34
		115.00		58.01		114.90
		115.00		58.01		114.71
		115.00		58.01		114.34
		115.00		58.01		114.96
		115.00		58.01		115.45
		115.00		58.01		114.34
		115.00		58.01		115.14
		115.00		57.61		115.08
		115.00		57.61		114.66
		115.00		57.61		114.96
		115.00		57.61		115.21
		115.00		57.61		114.66
		115.00		57.61		114.59
		115.00		57.61		115.14
		115.00		57.61		114.84
		115.00		57.91		114.34
		115.00		57.91		115.02
		115.00		57.91		114.53
		85.00		57.91		114.34
		85.00		57.91		114.59
		85.00		57.91		115.27
		85.00		57.91		113.98
		85.00		57.91		114.83
		85.00		24.45		114.10
		85.00		24.45		111.96
		85.00		24.45		110.56
		85.00		24.45		109.27
		85.00		24.45		107.14
		85.00		24.45		105.49
		85.00		24.45		104.37
		85.00		28.50		102.47
		85.00		28.50		100.63
		85.00		28.50		99.79
		85.00		28.50		98.01
		85.00		28.50		96.29
		85.00		28.50		95.18
		85.00		28.50		94.01
		85.00		35.10		91.71
		85.00		35.10		91.44
		85.00		35.10		90.36
